MRN,Session,HB % gms,TWBC cells/cu.mm,PC/Lakhs/cumm,S.CR mgs/dl,S.T.BILIRUBIN mgs/dl,S.CEA ng/mL
12347,Baseline,0.0,0.0,0.0,0.0,0.0,0.0
12347,Before III chemo,0.0,0.0,0.0,0.0,0.0,0.0
12347,Before V chemo,0.0,0.0,0.0,0.0,0.0,0.0
12347,After VII chemo,0.0,0.0,0.0,0.0,0.0,0.0
12347,After 9 months,0.0,0.0,0.0,0.0,0.0,0.0
12347,After 12 months,0.0,0.0,0.0,0.0,0.0,0.0
12347,After 15 months,0.0,0.0,0.0,0.0,0.0,0.0
12347,After 18 months,0.0,0.0,0.0,0.0,0.0,0.0
12348,Baseline,0.0,0.0,0.0,0.0,0.0,0.0
12348,Before III chemo,0.0,0.0,0.0,0.0,0.0,0.0
12348,Before V chemo,0.0,0.0,0.0,0.0,0.0,0.0
12348,After VII chemo,0.0,0.0,0.0,0.0,0.0,0.0
12348,After 9 months,0.0,0.0,0.0,0.0,0.0,0.0
12348,After 12 months,0.0,0.0,0.0,0.0,0.0,0.0
12348,After 15 months,0.0,0.0,0.0,0.0,0.0,0.0
12348,After 18 months,0.0,0.0,0.0,0.0,0.0,0.0
11111,Baseline,0.0,0.0,0.0,0.0,0.0,0.0
11111,Before III chemo,0.0,0.0,0.0,0.0,0.0,0.0
11111,Before V chemo,0.0,0.0,0.0,0.0,0.0,0.0
11111,After VII chemo,0.0,0.0,0.0,0.0,0.0,0.0
11111,After 9 months,0.0,0.0,0.0,0.0,0.0,0.0
11111,After 12 months,0.0,0.0,0.0,0.0,0.0,0.0
11111,After 15 months,0.0,0.0,0.0,0.0,0.0,0.0
11111,After 18 months,0.0,0.0,0.0,0.0,0.0,0.0
12398,Baseline,0.0,0.0,0.0,0.0,0.0,0.0
12398,Before III chemo,0.0,0.0,0.0,0.0,0.0,0.0
12398,Before V chemo,0.0,0.0,0.0,0.0,0.0,0.0
12398,After VII chemo,0.0,0.0,0.0,0.0,0.0,0.0
12398,After 9 months,0.0,0.0,0.0,0.0,0.0,0.0
12398,After 12 months,0.0,0.0,0.0,0.0,0.0,0.0
12398,After 15 months,0.0,0.0,0.0,0.0,0.0,0.0
12398,After 18 months,0.0,0.0,0.0,0.0,0.0,0.0
000213,Baseline,0.0,0.0,0.0,0.0,0.0,0.0
000213,Before III chemo,0.0,0.0,0.0,0.0,0.0,0.0
000213,Before V chemo,0.0,0.0,0.0,0.0,0.0,0.0
000213,After VII chemo,0.0,0.0,0.0,0.0,0.0,0.0
000213,After 9 months,0.0,0.0,0.0,0.0,0.0,0.0
000213,After 12 months,0.0,0.0,0.0,0.0,0.0,0.0
000213,After 15 months,0.0,0.0,0.0,0.0,0.0,0.0
000213,After 18 months,0.0,0.0,0.0,0.0,0.0,0.0
00026,Baseline,0.01,0.0,0.02,0.0,0.0,0.02
00026,Before III chemo,0.01,0.01,0.0,0.0,0.02,0.0
00026,Before V chemo,0.01,0.0,0.0,-0.01,0.0,0.0
00026,After VII chemo,-0.01,3.469446951953614e-18,0.0,0.03,0.0,0.0
00026,After 9 months,0.01,0.03,0.0,0.0,0.0,0.0
00026,After 12 months,0.01,0.0,0.02,0.0,0.0,0.0
00026,After 15 months,-0.01,0.0,0.02,0.0,0.0,0.03
00026,After 18 months,0.0,0.0,0.0,0.0,0.0,0.0
